.Random.seed <-
c(403L, 10L, -251736790L, 1293207116L, 1138319887L, 762434885L, 
212727548L, 1853181266L, -676027699L, 1501248135L, 1528175982L, 
1007818568L, 1067889483L, -2115134807L, -1126633480L, -474661082L, 
1913569345L, 362869203L, 1071373186L, -986255436L, 1132521271L, 
139312685L, 880521028L, 1397501034L, -1525475627L, -297926545L, 
-1136443018L, 884132512L, -1814268061L, 1567611905L, -1938946192L, 
-343453938L, 634890617L, -2007491317L, -1128470982L, 336887100L, 
-1055198593L, 95812053L, 883865580L, -215660222L, 1022449309L, 
1669399319L, -2145578370L, 344498744L, 1781019931L, 1195229817L, 
1222311624L, 464844534L, -219422927L, 1140135779L, 1969245490L, 
658484868L, 1423002311L, -1605588579L, 1457044756L, 41751482L, 
240023045L, -460933153L, -180908442L, 1675467248L, 1364391699L, 
-642631503L, -935629984L, -1453614850L, -900282231L, -633808965L, 
1393086858L, -2125938580L, -718822929L, 1451129381L, 355045084L, 
-1567071054L, 217556909L, 1714166631L, 1087158414L, 1517057384L, 
721184107L, -190707959L, 720140696L, -1139171130L, 1059717665L, 
1004210867L, 1670723618L, 1864073748L, -1748220265L, -496396147L, 
440581540L, 1349058442L, 1551363061L, 1299284559L, -2048412330L, 
-422203392L, 1159188803L, 1486707937L, -271567280L, -848901458L, 
-668152231L, 2021873259L, -460170278L, 1593584796L, -1755470177L, 
-34296587L, -182432372L, -1512957854L, 2025601085L, 196494007L, 
-547600034L, -147074920L, -98100229L, 1789987225L, -1440974296L, 
2086165206L, -1109373103L, -2090266109L, -685251182L, 100524836L, 
1174844903L, -1201208771L, 690437300L, 1162214170L, 535367781L, 
-300885761L, -1700718202L, 1473867536L, -1745421389L, -1650083759L, 
-1395823616L, 427355358L, 672153385L, -2074287397L, -324314646L, 
1291985292L, -1378449713L, 1163745925L, 1154740540L, -922493934L, 
848982797L, -319258553L, 1297674798L, -1212892280L, -898345333L, 
1798006889L, -1898318792L, 1803810022L, 1473592449L, -106898413L, 
780549058L, 1846969460L, -1425622409L, 827351917L, 1847636996L, 
-907317462L, -1926075243L, 474835759L, -1231553994L, -740131232L, 
643521699L, 1038923713L, -1576696912L, -555751730L, 1391162425L, 
-733427125L, -995254278L, 2078898940L, 414404415L, 2134827029L, 
-1414876372L, 1817466882L, 600433373L, 262638039L, 1563247806L, 
-923779336L, 541240539L, -1688522951L, 1486359176L, -2004521418L, 
2054037105L, 872955043L, -139889166L, -240962236L, -2131298809L, 
2058793949L, -1632297772L, -280624134L, -206933179L, -2009749601L, 
1930390822L, 901789104L, 298053203L, -2123568783L, -343015264L, 
-78917570L, 187135817L, -1573200389L, -1956052534L, 866529068L, 
-706080977L, -1744175643L, -1020280676L, -574954254L, 1282219373L, 
111471271L, -952990514L, 800991784L, 437058091L, -776187831L, 
-2123034280L, -1806710778L, 1627568609L, 1480901491L, -1163651102L, 
-1171505324L, 608170583L, 160997965L, -539081244L, -1997987894L, 
733225525L, -1013602161L, 111401366L, -547461824L, -1989019645L, 
-2066191839L, 988441872L, -1645174034L, -1164788071L, 688455467L, 
1838578202L, -1931188004L, -1677548321L, 666962432L, 1718403412L, 
-197118744L, 1959750906L, -749914416L, 682040620L, 2051197172L, 
627197330L, -1460831904L, 670275596L, -1316737312L, -547075486L, 
554819240L, -2018658740L, -1693705348L, 2115343666L, -1114546576L, 
-523007164L, -1186311208L, 143257466L, -1948347856L, 94079932L, 
437707348L, -2025255870L, 694941856L, 1804923580L, 272932304L, 
1777579874L, 1803530984L, -284027700L, -1579528708L, -1631602190L, 
1517065856L, 1990772212L, 1196974728L, 932427578L, -1002938544L, 
-980935572L, -1900581484L, 358046802L, 1926261216L, 2004825292L, 
-977092448L, 824306050L, -1088964376L, 581284588L, 1015133500L, 
1508736114L, -496606096L, 1042557988L, -829407176L, -1160602854L, 
-1005167408L, 326486844L, -119736428L, -1060221054L, 1465361856L, 
1576972860L, -1082840688L, -1639929310L, 275778824L, -1565894004L, 
179570460L, -1296965486L, -1361632896L, -298352108L, 233784104L, 
1799030330L, -667825712L, -949496468L, -1906793548L, 2020363282L, 
-1934626336L, 1186595788L, -2121039648L, -2050287582L, -1257575128L, 
-1259997684L, -10390724L, 369132530L, -1835286800L, 2094987844L, 
441032280L, -1443089606L, -821837328L, 862953148L, -881734380L, 
419200706L, 1778147424L, -1001699460L, -1622795312L, 1823739170L, 
1188619944L, -667923572L, 986864828L, 1586738994L, 1171526208L, 
1305970868L, 992307784L, -1063457350L, 355774992L, -551059732L, 
-218964652L, 483730706L, 685152672L, -1974337844L, 597358176L, 
1317905346L, 813876008L, 1004379052L, 1988222780L, -152851086L, 
627728176L, 2008196388L, -1996027080L, -795754790L, -499354736L, 
951761660L, -1689791596L, -1958559678L, 1695924480L, 693957692L, 
1005860176L, -576122718L, 1651473736L, 639073036L, -1073958180L, 
-2057944750L, 922222720L, 137362516L, 587770856L, 528991482L, 
-1538842800L, -1195790548L, -1762349708L, -508358766L, -1611350944L, 
-987101812L, 95730528L, 1665770978L, 1590223784L, 366637260L, 
-1286374404L, -65875534L, -1872126480L, 1764913092L, 1983291736L, 
1599931770L, -1037504592L, -1594419780L, 212276308L, 1575757762L, 
1684072480L, -366909252L, -1083337136L, 1703161826L, 143894632L, 
-1607016372L, -141355780L, -448088078L, 12532992L, 1226347892L, 
-2049619960L, 1557558202L, 1456416208L, 808357868L, -1719489132L, 
2124634578L, -1958076064L, -678421684L, -556381920L, -419649662L, 
-398178584L, -978915092L, -803739588L, 1289047922L, 313106032L, 
-1424925660L, 6686520L, 110302362L, 1028727504L, -288552772L, 
1033000596L, -1766703486L, -998324032L, 1199791932L, -1640353648L, 
-1855588830L, 1606351880L, -1524294388L, -1636295524L, -776031726L, 
2026161024L, 205911572L, 408319528L, -724050630L, 743298512L, 
-1093111700L, -1182882508L, 1061143186L, 1950668640L, 858017612L, 
-416739360L, -1737847902L, 2119805864L, -35661428L, -758774596L, 
2010919282L, 812151024L, -783318972L, -208368296L, 1393762874L, 
1365516144L, -224400324L, -1121563884L, -1249552958L, -93333792L, 
-1532169348L, 962990800L, -614312798L, -1204721624L, -1554233076L, 
131027900L, 1695843634L, -343621184L, -1987317196L, 1697564616L, 
1472613391L, -451629944L, -253911642L, -1327475373L, -145248587L, 
-356416494L, 1132180960L, -2028087223L, -1336820101L, -761665716L, 
-288427302L, 2117580495L, 828462745L, 933071534L, -156698692L, 
-20287443L, -887377961L, 1425327648L, -1538889858L, -2019964597L, 
-2087195827L, -1947362950L, 2057993144L, 981827937L, 1328286995L, 
-1236232908L, 101449538L, -119644329L, 791228065L, 1300856678L, 
-220497564L, 2072894613L, 1474074047L, -956581544L, 318797686L, 
-146897533L, -138969147L, 844694754L, -190971568L, -701898631L, 
250946475L, -1231369956L, -901956022L, -420324801L, -1192784247L, 
-1076725090L, 2002798412L, -1354031331L, -1056334169L, -334277168L, 
-2031710866L, 2134892571L, -1624551043L, -46151830L, -665746936L, 
739960497L, 1059709219L, -544624092L, -1921574702L, 516673831L, 
2077154161L, 881592758L, 615555412L, 1472962533L, -487360017L, 
490225960L, 827496838L, -1864153677L, -1456142059L, 1630681970L, 
-1810982976L, -1925113815L, -411855717L, -1448267412L, -221709958L, 
600087215L, -1112993351L, 374922190L, -639130852L, -1917945203L, 
-2011356425L, -1972894208L, 1806377054L, 1154153259L, -1242269651L, 
-1396039526L, -98507688L, -2020203583L, 953502835L, 470529428L, 
-348697566L, -309327049L, 1362742785L, 910155526L, 1798812484L, 
-1244412299L, 1919178719L, -980358344L, 1189059862L, 242319651L, 
1051970277L, 1941603074L, -128382608L, -597745383L, 1836613899L, 
789324284L, 1955838506L, -1608594849L, 2073369065L, -1876700418L, 
629037804L, 1825745469L, 510691847L, -398615056L, -1384444530L, 
1137152955L, -608629347L, -1259629750L, -441161880L, 1813956945L, 
1409378883L, -170471612L, 1841095666L, 628996551L, 1176956817L, 
-517515498L, -1880251532L, 828791301L, 1952959055L, -1825069496L, 
221497318L, -256947949L, -1671145867L, 699165778L, -1528633696L, 
825475977L, -762126405L, 231317516L, 453103002L, -1089082097L, 
1394553689L, -1869787666L, -739547012L, 989822189L, -636404841L, 
